0 0.768180 0.401704 0.194609 0.069463
0 0.745634 0.300786 0.182742 0.061599
0 0.726648 0.216907 0.163756 0.045872
0 0.688676 0.140891 0.192235 0.061599
0 0.392016 0.138270 0.163756 0.066841
0 0.432362 0.266055 0.182742 0.068152
0 0.452534 0.398427 0.180369 0.068152
0 0.145195 0.414810 0.182742 0.069463
0 0.132142 0.320446 0.161383 0.056356
0 0.117902 0.228047 0.156636 0.055046
0 0.102476 0.142202 0.149516 0.056356
0 0.774114 0.593054 0.220715 0.095675
0 0.508306 0.602883 0.234954 0.091743
0 0.208087 0.602228 0.246821 0.085190
0 0.227073 0.741153 0.218342 0.090433
0 0.810899 0.721494 0.218342 0.098296
0 0.847685 0.857143 0.201729 0.089122
0 0.556959 0.859109 0.256314 0.090433
0 0.259112 0.877457 0.244448 0.093054