0 0.460065 0.714286 0.097140 0.065531
0 0.353211 0.688073 0.079870 0.070773
0 0.271182 0.653997 0.060443 0.068152
0 0.182677 0.630406 0.064760 0.076016
0 0.533999 0.656619 0.098219 0.057667
0 0.442795 0.619921 0.082029 0.065531
0 0.346195 0.598296 0.072315 0.066841
0 0.257151 0.560288 0.075553 0.061599
0 0.601457 0.599607 0.086346 0.061599
0 0.512952 0.564220 0.064760 0.058978
0 0.425526 0.541940 0.064760 0.053735
0 0.342418 0.509174 0.066919 0.056356
0 0.437938 0.480996 0.089584 0.052425
0 0.612790 0.532765 0.091743 0.053735
0 0.776309 0.453473 0.073394 0.060288
0 0.644630 0.410878 0.073394 0.043250
0 0.530221 0.376802 0.079870 0.043250
0 0.589584 0.338139 0.086346 0.047182
0 0.644630 0.284404 0.086346 0.047182
0 0.704533 0.243775 0.067998 0.055046
0 0.822180 0.266710 0.074474 0.051114
0 0.766595 0.318480 0.071236 0.052425
0 0.708311 0.366317 0.071236 0.051114
0 0.836751 0.405636 0.079870 0.053735
0 0.895035 0.357798 0.075553 0.057667
0 0.941446 0.311927 0.075553 0.055046