0 0.735390 0.521160 0.081169 0.106583
0 0.644886 0.536050 0.073864 0.130094
0 0.554789 0.558777 0.081981 0.112853
0 0.524351 0.286050 0.074675 0.109718
0 0.613231 0.254702 0.077110 0.112853
0 0.707386 0.240596 0.078734 0.094044
0 0.399756 0.478056 0.059253 0.095611
0 0.353084 0.653605 0.071429 0.092476
0 0.331575 0.546238 0.072240 0.081505
0 0.326299 0.445141 0.061688 0.086207
0 0.317370 0.315831 0.063312 0.097179
0 0.245130 0.341693 0.068182 0.076803
0 0.254870 0.451411 0.058442 0.101881
0 0.258117 0.568182 0.056818 0.097179
0 0.265828 0.677900 0.062500 0.112853
0 0.189935 0.695141 0.058442 0.109718
0 0.185471 0.576019 0.062500 0.081505
0 0.178571 0.471003 0.066558 0.081505
0 0.168019 0.376176 0.066558 0.076803