0 0.383523 0.642718 0.078734 0.119852
0 0.337256 0.537059 0.068994 0.078850
0 0.297078 0.448748 0.053571 0.069388
0 0.258929 0.359647 0.073052 0.064657
0 0.391234 0.457421 0.073052 0.089889
0 0.294237 0.687662 0.075487 0.105659
0 0.247971 0.574907 0.060877 0.069388
0 0.209821 0.482653 0.062500 0.070965
0 0.163961 0.395130 0.063312 0.059926
0 0.086851 0.436132 0.066558 0.072542
0 0.131088 0.532328 0.056006 0.066234
0 0.160308 0.607236 0.073864 0.074119
0 0.198864 0.711317 0.064935 0.089889
0 0.622565 0.504731 0.105519 0.115121
0 0.706981 0.222449 0.125000 0.168738