0 0.121347 0.271617 0.114448 0.199932
0 0.117695 0.523838 0.123377 0.209159
0 0.118912 0.761449 0.106331 0.250684
0 0.255682 0.764525 0.116883 0.244532
0 0.389205 0.752221 0.111201 0.235304
0 0.386364 0.500769 0.118506 0.196856
0 0.387175 0.255468 0.113636 0.198394
0 0.250812 0.263158 0.105519 0.226077
0 0.607143 0.270079 0.095779 0.215311
0 0.612013 0.508459 0.126623 0.184552
0 0.612419 0.758373 0.106331 0.198394
0 0.741477 0.764525 0.122565 0.204545
0 0.885146 0.762218 0.124188 0.212235
0 0.872159 0.504614 0.133929 0.204545
0 0.872159 0.259313 0.111201 0.178401
0 0.738231 0.258544 0.107955 0.207621