0 0.164773 0.785232 0.134740 0.198821
0 0.161526 0.301179 0.120130 0.233997
0 0.414773 0.323355 0.118506 0.220232
0 0.413961 0.790584 0.110390 0.175880
0 0.619318 0.363119 0.084416 0.134586
0 0.614042 0.548941 0.075487 0.123881
0 0.612825 0.732468 0.069805 0.142233
0 0.699675 0.457942 0.066558 0.116234
0 0.697646 0.639939 0.080357 0.122351
0 0.696834 0.824231 0.080357 0.129998
0 0.792208 0.824231 0.079545 0.136116
0 0.793831 0.633057 0.076299 0.136116
0 0.796266 0.453354 0.064935 0.116234
0 0.804789 0.272885 0.075487 0.116234
0 0.704545 0.266768 0.068182 0.116234
0 0.898133 0.279768 0.070617 0.133057
0 0.897321 0.470942 0.077110 0.133057
0 0.887175 0.633822 0.089286 0.122351
0 0.888393 0.813525 0.078734 0.120822