0 0.165753 0.559633 0.149966 0.136304
0 0.385619 0.221494 0.116923 0.131062
0 0.552954 0.191350 0.078796 0.083879
0 0.643612 0.195937 0.075407 0.087811
0 0.727915 0.197248 0.072865 0.090433
0 0.808405 0.200524 0.071170 0.089122
0 0.846956 0.338139 0.061850 0.096986
0 0.764771 0.344692 0.063545 0.089122
0 0.673690 0.350590 0.059309 0.095675
0 0.594470 0.366317 0.073712 0.087811
0 0.614381 0.522280 0.084727 0.116645
0 0.716900 0.526212 0.088116 0.106160
0 0.813912 0.518349 0.094047 0.098296
0 0.896521 0.512451 0.064392 0.104849