0 0.152260 0.222149 0.195407 0.114024
0 0.183777 0.338794 0.195407 0.106160
0 0.374982 0.313237 0.178597 0.094364
0 0.216345 0.454128 0.163889 0.108781
0 0.595602 0.404980 0.170193 0.086501
0 0.559883 0.287025 0.182800 0.096986
0 0.508405 0.169069 0.180699 0.102228
0 0.463230 0.622543 0.153384 0.078637
0 0.265722 0.717562 0.132372 0.058978
0 0.421207 0.705111 0.132372 0.070773
0 0.559883 0.686107 0.132372 0.074705
0 0.720620 0.666448 0.130271 0.072084
0 0.751087 0.762123 0.140777 0.066841
0 0.779452 0.853866 0.155485 0.066841
0 0.588248 0.783748 0.109260 0.060288
0 0.445370 0.805374 0.117664 0.072084
0 0.287784 0.823067 0.130271 0.070773
0 0.339262 0.915465 0.144979 0.058978
0 0.481090 0.899738 0.134473 0.069463
0 0.635524 0.885321 0.136575 0.077326