0 0.173036 0.722805 0.161413 0.163827
0 0.333931 0.322412 0.137615 0.149410
0 0.614334 0.591743 0.092088 0.103539
0 0.703835 0.551114 0.105539 0.106160
0 0.793854 0.528178 0.099331 0.104849
0 0.889046 0.492136 0.082776 0.090433
0 0.839898 0.317824 0.094157 0.093054
0 0.744706 0.338794 0.079672 0.111402
0 0.654687 0.391874 0.085880 0.112713
0 0.558460 0.416121 0.073463 0.106160
0 0.507243 0.242464 0.084845 0.086501
0 0.601918 0.226737 0.083810 0.104849
0 0.694006 0.194626 0.092088 0.095675
0 0.789198 0.161206 0.094157 0.099607