0 0.751924 0.739187 0.092583 0.104849
0 0.662264 0.692661 0.059448 0.106160
0 0.580889 0.642857 0.054575 0.106160
0 0.496589 0.600917 0.071143 0.108781
0 0.585274 0.461337 0.078939 0.104849
0 0.820143 0.590433 0.073092 0.111402
0 0.893235 0.467235 0.073092 0.082569
0 0.812347 0.423329 0.065296 0.096986
0 0.729996 0.375491 0.060423 0.095675
0 0.649595 0.333552 0.063346 0.098296
0 0.430806 0.378768 0.072117 0.073394
0 0.292906 0.474443 0.075041 0.089122
0 0.339197 0.387287 0.064321 0.082569
0 0.393286 0.285059 0.067245 0.072084
0 0.448348 0.208388 0.074067 0.070773
0 0.364049 0.168414 0.061397 0.077326
0 0.291444 0.135649 0.056525 0.066841
0 0.317270 0.256225 0.065296 0.072084
0 0.237843 0.214941 0.070168 0.076016
0 0.264644 0.344692 0.063346 0.089122
0 0.211043 0.434469 0.063346 0.085190
0 0.131129 0.385321 0.063346 0.081258
0 0.184242 0.297510 0.066270 0.081258