0 0.722407 0.122543 0.192532 0.085190
0 0.488935 0.121232 0.203597 0.072084
0 0.275380 0.140236 0.157124 0.083879
0 0.243291 0.254915 0.172615 0.085190
0 0.480083 0.241153 0.185893 0.081258
0 0.704703 0.235256 0.188106 0.095675
0 0.688106 0.349934 0.181467 0.091743
0 0.457953 0.357143 0.190319 0.087811
0 0.228907 0.363696 0.192532 0.079948
0 0.661550 0.533421 0.128354 0.068152
0 0.656017 0.617955 0.165976 0.064220
0 0.644952 0.708388 0.152698 0.064220
0 0.642739 0.802097 0.152698 0.076016
0 0.386030 0.809961 0.161550 0.091743
0 0.128215 0.821101 0.159337 0.077326
0 0.126002 0.729358 0.110650 0.056356
0 0.145919 0.638270 0.172615 0.065531
0 0.159197 0.545872 0.132780 0.064220
0 0.409267 0.544561 0.146058 0.072084