0 0.177755 0.140891 0.098374 0.137615
0 0.137302 0.298820 0.092858 0.136304
0 0.088114 0.463303 0.091939 0.158585
0 0.213611 0.509174 0.096536 0.161206
0 0.296815 0.182831 0.090100 0.145478
0 0.416795 0.229358 0.103891 0.157274
0 0.384617 0.396461 0.102052 0.153342
0 0.335889 0.565531 0.105730 0.132372
0 0.618601 0.276540 0.077229 0.112713
0 0.714677 0.314548 0.072632 0.117955
0 0.810293 0.358453 0.081825 0.111402
0 0.908208 0.395151 0.077229 0.116645
0 0.866836 0.584535 0.073551 0.123198
0 0.768921 0.551769 0.072632 0.102228
0 0.676982 0.507864 0.072632 0.098296
0 0.576309 0.473132 0.079067 0.099607
0 0.532179 0.665138 0.077229 0.111402
0 0.631472 0.697248 0.075390 0.125819
0 0.725710 0.731324 0.072632 0.123198
0 0.825463 0.784404 0.077229 0.106160