0 0.141579 0.249672 0.104506 0.161206
0 0.263638 0.248362 0.102056 0.153342
0 0.391004 0.251638 0.108588 0.157274
0 0.390188 0.444954 0.129815 0.184797
0 0.133006 0.428571 0.121651 0.149410
0 0.133822 0.646789 0.123284 0.184797
0 0.271394 0.650721 0.127366 0.179554
0 0.400801 0.654653 0.120018 0.184797
0 0.605730 0.671035 0.103689 0.144168
0 0.709011 0.673001 0.086544 0.137615
0 0.804536 0.675623 0.089809 0.134993
0 0.900877 0.665793 0.078379 0.154653
0 0.879649 0.441678 0.081645 0.133683
0 0.786982 0.432503 0.080828 0.157274
0 0.685334 0.442333 0.078379 0.145478
0 0.589401 0.429882 0.084094 0.136304
0 0.574705 0.224771 0.077563 0.103539
0 0.672679 0.237221 0.092259 0.131062
0 0.768612 0.225426 0.076746 0.125819
0 0.851890 0.234600 0.073480 0.120577