0 0.779653 0.820446 0.105177 0.154653
0 0.721166 0.494102 0.086501 0.115334
0 0.535878 0.621232 0.042267 0.068152
0 0.588467 0.450852 0.045216 0.060288
0 0.553080 0.356488 0.049148 0.078637
0 0.520642 0.445609 0.043250 0.057667
0 0.500000 0.527523 0.049148 0.074705
0 0.466579 0.631717 0.041284 0.076016
0 0.413008 0.580603 0.048165 0.081258
0 0.440039 0.498689 0.043250 0.048493
0 0.461664 0.419397 0.041284 0.065531
0 0.497051 0.318480 0.039318 0.070773
0 0.434633 0.281127 0.056029 0.066841
0 0.405144 0.363041 0.046199 0.068152
0 0.379587 0.463958 0.046199 0.083879
0 0.350098 0.549148 0.048165 0.076016