0 0.158465 0.724771 0.101871 0.110092
0 0.265161 0.420708 0.111522 0.107471
0 0.487668 0.603539 0.054688 0.053735
0 0.542357 0.577982 0.080424 0.062910
0 0.623853 0.553735 0.091147 0.074705
0 0.691410 0.517038 0.076135 0.072084
0 0.664601 0.387287 0.067556 0.072084
0 0.597045 0.419397 0.043965 0.094364
0 0.528953 0.435780 0.055761 0.079948
0 0.461396 0.447575 0.057905 0.074705
0 0.580424 0.265400 0.055761 0.064220
0 0.518766 0.279161 0.046110 0.073394
0 0.463541 0.308650 0.049327 0.072084
0 0.398666 0.323067 0.054688 0.082569