0 0.445617 0.288109 0.100649 0.190422
0 0.324269 0.278774 0.112825 0.164286
0 0.199675 0.274107 0.108766 0.151218
0 0.427354 0.519602 0.120942 0.190422
0 0.176948 0.497200 0.113636 0.205357
0 0.179789 0.733360 0.104708 0.233360
0 0.307224 0.733360 0.120942 0.199756
0 0.429383 0.743628 0.103896 0.182955
0 0.607143 0.487865 0.076299 0.156818
0 0.892451 0.516802 0.081981 0.166153
0 0.881088 0.773498 0.077110 0.168019
0 0.788149 0.762297 0.071429 0.171753
0 0.690747 0.751096 0.084416 0.168019
0 0.599026 0.753896 0.082792 0.147484
0 0.616883 0.250771 0.071429 0.153084
0 0.713068 0.248904 0.083604 0.134416
0 0.802354 0.259172 0.070617 0.173620
0 0.893669 0.248904 0.090909 0.156818