0 0.139063 0.262779 0.153894 0.077326
0 0.350072 0.286370 0.147548 0.121887
0 0.419880 0.138270 0.128509 0.098296
0 0.572981 0.343381 0.133269 0.078637
0 0.311996 0.469856 0.128509 0.079948
0 0.418293 0.620577 0.115817 0.051114
0 0.562668 0.553080 0.093606 0.068152
0 0.699903 0.486239 0.098365 0.073394
0 0.756225 0.561599 0.096779 0.079948
0 0.829206 0.640891 0.106298 0.062910
0 0.895841 0.729358 0.112644 0.072084
0 0.749879 0.800131 0.109471 0.077326
0 0.684038 0.709699 0.114231 0.058978
0 0.626130 0.633028 0.115817 0.057667
0 0.603125 0.865662 0.101538 0.082569
0 0.534904 0.781127 0.111057 0.057667
0 0.470649 0.705111 0.118990 0.057667