0 0.164371 0.473788 0.070745 0.087811
0 0.237584 0.427261 0.070745 0.102228
0 0.329718 0.390564 0.075681 0.094364
0 0.413625 0.358453 0.070745 0.093054
0 0.444473 0.557012 0.081439 0.123198
0 0.475733 0.768676 0.076504 0.090433
0 0.390591 0.807339 0.075681 0.117955
0 0.314910 0.852556 0.059229 0.103539
0 0.230180 0.871560 0.074036 0.110092
0 0.195219 0.661206 0.076504 0.116645
0 0.649717 0.661861 0.097069 0.123198
0 0.755835 0.625164 0.093779 0.162516
0 0.871825 0.572084 0.103650 0.124509
0 0.811362 0.203801 0.074858 0.166448
0 0.697840 0.246396 0.096247 0.125819
0 0.591722 0.300131 0.091311 0.146789