0 0.306615 0.857143 0.143409 0.136304
0 0.291405 0.474443 0.121680 0.096986
0 0.648479 0.508519 0.085466 0.094364
0 0.725978 0.423984 0.107195 0.074705
0 0.799131 0.358453 0.097055 0.100917
0 0.870111 0.276540 0.097055 0.091743
0 0.745534 0.185452 0.085466 0.087811
0 0.676002 0.262779 0.088363 0.093054
0 0.603573 0.338139 0.085466 0.086501
0 0.532593 0.418087 0.082569 0.083879
0 0.421053 0.334862 0.088363 0.093054
0 0.485514 0.252949 0.101400 0.076016
0 0.570256 0.176933 0.082569 0.083879
0 0.630372 0.104194 0.075326 0.087811