0 0.575258 0.840105 0.178162 0.125819
0 0.621334 0.664482 0.165875 0.138925
0 0.849412 0.743775 0.167411 0.127130
0 0.682002 0.505242 0.148980 0.119266
0 0.420902 0.605505 0.145908 0.128440
0 0.329518 0.397117 0.098296 0.060288
0 0.431653 0.366972 0.099832 0.068152
0 0.548380 0.332896 0.105976 0.070773
0 0.544540 0.245740 0.079866 0.061599
0 0.436261 0.279817 0.093689 0.058978
0 0.338733 0.308650 0.079866 0.074705
0 0.231989 0.349934 0.078330 0.078637
0 0.179769 0.255570 0.115191 0.060288
0 0.281137 0.224771 0.096760 0.069463
0 0.380202 0.190695 0.092153 0.056356
0 0.488481 0.164482 0.087545 0.069463
0 0.426278 0.081913 0.089081 0.053735
0 0.327214 0.112713 0.093689 0.052425
0 0.235061 0.143512 0.096760 0.056356
0 0.131389 0.180210 0.110583 0.053735