0 0.671336 0.201835 0.099661 0.102228
0 0.824924 0.235256 0.128331 0.072084
0 0.786697 0.293578 0.117409 0.049803
0 0.749836 0.374836 0.114679 0.076016
0 0.583279 0.329620 0.114679 0.082569
0 0.424230 0.306684 0.116044 0.062910
0 0.517748 0.173657 0.133792 0.069463
0 0.472696 0.241153 0.131062 0.055046
0 0.646079 0.499345 0.095566 0.062910
0 0.600344 0.577982 0.151540 0.073394
0 0.557339 0.658585 0.139253 0.082569
0 0.198968 0.575360 0.126966 0.076016
0 0.265181 0.501966 0.155636 0.057667
0 0.319108 0.432503 0.113314 0.078637