0 0.382665 0.316514 0.216045 0.127130
0 0.527937 0.591088 0.108022 0.070773
0 0.756087 0.615990 0.098710 0.078637
0 0.649928 0.649410 0.087535 0.061599
0 0.523281 0.680865 0.121060 0.061599
0 0.391978 0.705111 0.122922 0.052425
0 0.438539 0.792923 0.115472 0.065531
0 0.556805 0.762123 0.117335 0.061599
0 0.680658 0.728702 0.126647 0.060288
0 0.804511 0.699869 0.106160 0.047182
0 0.844554 0.791612 0.119197 0.070773
0 0.722563 0.817169 0.098710 0.072084
0 0.598710 0.852556 0.108022 0.085190
0 0.469270 0.876802 0.117335 0.068152