0 0.270673 0.131062 0.164589 0.102228
0 0.515362 0.142202 0.149227 0.098296
0 0.741397 0.140891 0.179951 0.119266
0 0.750175 0.280472 0.193118 0.112713
0 0.512070 0.270642 0.195312 0.108781
0 0.287132 0.268021 0.184340 0.114024
0 0.270673 0.404325 0.190923 0.095675
0 0.520848 0.409567 0.195312 0.100917
0 0.756759 0.402359 0.179951 0.107471
0 0.745786 0.620577 0.215063 0.116645
0 0.521945 0.615990 0.166784 0.099607
0 0.284937 0.612713 0.184340 0.106160
0 0.767731 0.764089 0.206285 0.099607
0 0.523042 0.750328 0.177756 0.106160
0 0.289326 0.759502 0.188729 0.108781
0 0.292618 0.902359 0.195312 0.093054
0 0.518653 0.901704 0.151422 0.102228
0 0.762245 0.894495 0.177756 0.106160