0 0.741070 0.750328 0.157887 0.161206
0 0.654708 0.416121 0.110203 0.103539
0 0.373372 0.450197 0.073116 0.064220
0 0.417877 0.393840 0.060400 0.061599
0 0.467681 0.326999 0.066758 0.066841
0 0.273236 0.435125 0.072056 0.065531
0 0.323039 0.365662 0.063579 0.057667
0 0.371783 0.309961 0.063579 0.066841
0 0.427414 0.247706 0.068877 0.055046
0 0.343702 0.190039 0.054042 0.057667
0 0.293899 0.250328 0.060400 0.055046
0 0.245155 0.305374 0.060400 0.049803
0 0.193232 0.372215 0.054042 0.068152
0 0.114818 0.316514 0.060400 0.053735
0 0.165681 0.262779 0.062519 0.056356
0 0.214955 0.199869 0.061460 0.064220
0 0.266348 0.146134 0.056161 0.061599