0 0.719249 0.684142 0.089763 0.073394
0 0.760520 0.591088 0.093890 0.091743
0 0.793020 0.501311 0.101113 0.066841
0 0.687265 0.486239 0.081509 0.060288
0 0.585120 0.475098 0.079446 0.058978
0 0.545398 0.558322 0.086668 0.052425
0 0.500000 0.652031 0.078414 0.074705
0 0.610398 0.667759 0.078414 0.074705
0 0.327180 0.629751 0.056747 0.061599
0 0.250314 0.612058 0.059842 0.060288
0 0.173447 0.606815 0.060874 0.055046
0 0.099677 0.593054 0.059842 0.051114
0 0.381863 0.531455 0.071192 0.056356
0 0.272497 0.514417 0.075319 0.051114
0 0.161066 0.492136 0.062937 0.066841
0 0.436547 0.442333 0.058810 0.043250
0 0.363807 0.431193 0.053652 0.049803
0 0.289005 0.422674 0.054683 0.051114
0 0.221424 0.415465 0.049525 0.049803