0 0.188783 0.771298 0.142398 0.148100
0 0.126092 0.492136 0.119113 0.132372
0 0.354019 0.414810 0.121800 0.116645
0 0.420293 0.680210 0.103888 0.128440
0 0.620009 0.621232 0.078812 0.099607
0 0.570751 0.468545 0.078812 0.074705
0 0.530002 0.322412 0.085081 0.081258
0 0.614635 0.287680 0.084185 0.085190
0 0.698820 0.260813 0.082394 0.083879
0 0.786588 0.226737 0.075229 0.096986
0 0.830472 0.368283 0.087768 0.086501
0 0.706881 0.420708 0.094932 0.078637
0 0.703746 0.594364 0.077916 0.082569
0 0.785245 0.553080 0.086872 0.094364
0 0.873908 0.522280 0.088663 0.087811