0 0.335211 0.731324 0.160509 0.165138
0 0.335746 0.502621 0.144458 0.134993
0 0.357147 0.340760 0.120917 0.102228
0 0.671745 0.407602 0.084535 0.086501
0 0.777681 0.400393 0.093095 0.074705
0 0.838674 0.345347 0.075974 0.090433
0 0.912508 0.299476 0.090955 0.077326
0 0.818878 0.223460 0.064204 0.077326
0 0.688331 0.319135 0.092025 0.056356
0 0.756279 0.279161 0.060993 0.076016
0 0.744509 0.158585 0.058853 0.068152
0 0.684585 0.212320 0.056713 0.068152
0 0.626267 0.249672 0.074904 0.051114
0 0.525681 0.264089 0.077044 0.069463
0 0.544407 0.184797 0.067414 0.062910
0 0.610216 0.147444 0.062063 0.072084
0 0.673885 0.104849 0.056713 0.068152