0 0.603514 0.871560 0.184525 0.110092
0 0.407738 0.730013 0.202527 0.094364
0 0.195084 0.828965 0.168773 0.098296
0 0.234464 0.599607 0.144019 0.085190
0 0.650770 0.638925 0.162022 0.095675
0 0.689025 0.455439 0.121516 0.058978
0 0.469621 0.442333 0.137268 0.061599
0 0.224338 0.420708 0.150770 0.076016
0 0.249091 0.335518 0.141769 0.062910
0 0.262593 0.251638 0.128267 0.068152
0 0.267094 0.158585 0.150770 0.078637
0 0.512377 0.171035 0.119266 0.077326
0 0.747533 0.199214 0.135018 0.081258
0 0.722780 0.285059 0.130518 0.069463
0 0.703652 0.372870 0.132768 0.069463