0 0.753247 0.419167 0.086039 0.151030
0 0.663149 0.412785 0.061688 0.168047
0 0.577516 0.407468 0.077110 0.161666
0 0.620942 0.827586 0.086039 0.180811
0 0.717127 0.814823 0.068994 0.189319
0 0.813718 0.812696 0.073864 0.159539
0 0.439935 0.628695 0.060065 0.114868
0 0.404221 0.891402 0.071429 0.116995
0 0.384740 0.731863 0.074675 0.108486
0 0.375406 0.574451 0.054383 0.129758
0 0.364448 0.390450 0.053571 0.148903
0 0.317776 0.909483 0.057630 0.119122
0 0.303571 0.744626 0.064935 0.142521
0 0.292208 0.589342 0.064935 0.129758
0 0.278409 0.401086 0.069805 0.148903
0 0.236201 0.908419 0.066558 0.108486
0 0.225244 0.757389 0.064123 0.142521
0 0.212662 0.582960 0.064935 0.142521
0 0.198052 0.420231 0.068182 0.119122