0 0.218999 0.127785 0.134695 0.087811
0 0.389690 0.121232 0.132372 0.093054
0 0.589409 0.123853 0.178819 0.085190
0 0.761261 0.123198 0.137017 0.086501
0 0.763583 0.237221 0.132372 0.073394
0 0.582442 0.230668 0.146306 0.081258
0 0.396657 0.230668 0.150951 0.076016
0 0.217838 0.227392 0.137017 0.061599
0 0.218999 0.335518 0.139339 0.070773
0 0.397818 0.340105 0.134695 0.074705
0 0.576637 0.340105 0.148628 0.072084
0 0.777517 0.346658 0.160240 0.074705
0 0.682302 0.427261 0.155595 0.073394
0 0.317698 0.420052 0.146306 0.066841
0 0.251512 0.612713 0.125405 0.077326
0 0.520901 0.613368 0.092893 0.076016
0 0.785645 0.619921 0.130050 0.078637
0 0.794935 0.723460 0.130050 0.076016
0 0.533674 0.714941 0.127728 0.061599
0 0.261962 0.711664 0.127728 0.073394
0 0.791451 0.828309 0.132372 0.073394
0 0.534835 0.813893 0.120761 0.065531
0 0.281702 0.813893 0.134695 0.070773
0 0.252673 0.908257 0.132372 0.076016
0 0.532512 0.915465 0.125405 0.074705
0 0.786806 0.920052 0.146306 0.070773