0 0.282897 0.805374 0.223426 0.111402
0 0.577988 0.793578 0.177055 0.098296
0 0.872026 0.785059 0.170731 0.083879
0 0.813008 0.674312 0.162300 0.087811
0 0.542156 0.685452 0.172839 0.083879
0 0.246011 0.693316 0.166516 0.083879
0 0.244957 0.581258 0.160192 0.079948
0 0.517916 0.574705 0.183378 0.072084
0 0.769798 0.564875 0.151761 0.076016
0 0.736073 0.471166 0.155977 0.066841
0 0.484192 0.481651 0.166516 0.072084
0 0.225987 0.484273 0.147546 0.072084
0 0.203855 0.330931 0.141222 0.069463
0 0.440982 0.320446 0.139114 0.069463
0 0.691809 0.317169 0.139114 0.062910
0 0.661246 0.238532 0.137007 0.055046
0 0.426227 0.242464 0.139114 0.057667
0 0.183831 0.245740 0.139114 0.056356
0 0.175400 0.178244 0.134899 0.052425
0 0.397772 0.167104 0.145438 0.053735
0 0.629629 0.162516 0.128575 0.049803
0 0.601174 0.093054 0.139114 0.047182
0 0.385125 0.096330 0.137007 0.045872
0 0.169076 0.105505 0.139114 0.048493