0 0.261788 0.136304 0.255814 0.104849
0 0.739386 0.125164 0.201835 0.114024
0 0.748773 0.260157 0.234692 0.100917
0 0.279390 0.262779 0.215916 0.111402
0 0.265308 0.398427 0.201835 0.094364
0 0.748773 0.401704 0.206529 0.106160
0 0.755814 0.640236 0.225304 0.116645
0 0.518775 0.627130 0.187753 0.111402
0 0.274696 0.632372 0.220610 0.108781
0 0.771069 0.783748 0.241732 0.107471
0 0.509388 0.777195 0.201835 0.115334
0 0.282910 0.777195 0.194794 0.115334
0 0.772242 0.923984 0.211223 0.102228
0 0.523469 0.910878 0.187753 0.115334
0 0.287604 0.910223 0.204182 0.108781