0 0.406656 0.246688 0.086039 0.163279
0 0.308036 0.257370 0.078734 0.138864
0 0.206981 0.252029 0.082792 0.149545
0 0.110795 0.262711 0.088474 0.155649
0 0.111607 0.548831 0.086851 0.154123
0 0.215503 0.550357 0.083604 0.166331
0 0.318182 0.540438 0.090909 0.149545
0 0.419643 0.535097 0.077922 0.163279
0 0.421672 0.808247 0.083604 0.148019
0 0.322646 0.816640 0.085227 0.155649
0 0.220779 0.822744 0.087662 0.152597
0 0.123377 0.824269 0.084416 0.143442
0 0.609172 0.775438 0.120942 0.238052
0 0.875000 0.260422 0.136364 0.236526