0 0.177588 0.235911 0.152847 0.055046
0 0.417606 0.213630 0.160012 0.049803
0 0.627770 0.195937 0.136129 0.058978
0 0.660012 0.260813 0.124188 0.044561
0 0.434324 0.307339 0.140906 0.038008
0 0.194306 0.292923 0.143294 0.043250
0 0.211024 0.355177 0.138518 0.052425
0 0.228935 0.413499 0.131353 0.043250
0 0.465371 0.397772 0.136129 0.051114
0 0.692253 0.376147 0.140906 0.055046
0 0.671953 0.315203 0.171953 0.043250
0 0.255206 0.524246 0.136129 0.055046
0 0.500000 0.505898 0.157623 0.057667
0 0.747182 0.484928 0.150459 0.052425
0 0.765094 0.549148 0.157623 0.049803
0 0.798529 0.614024 0.162400 0.043250
0 0.827188 0.683486 0.148070 0.056356
0 0.544182 0.607471 0.169565 0.058978
0 0.577618 0.705111 0.150459 0.052425
0 0.322077 0.727392 0.169565 0.055046
0 0.287447 0.655308 0.171953 0.044561
0 0.276700 0.589777 0.150459 0.047182