0 0.135473 0.342726 0.134762 0.124509
0 0.425086 0.202490 0.097933 0.140236
0 0.562359 0.509830 0.079518 0.078637
0 0.583703 0.404980 0.071985 0.091743
0 0.608814 0.311271 0.078681 0.074705
0 0.705073 0.296199 0.090399 0.073394
0 0.682054 0.390564 0.062777 0.073394
0 0.661547 0.502621 0.082029 0.093054
0 0.635599 0.608126 0.073659 0.096986
0 0.735625 0.639581 0.074496 0.104849
0 0.760735 0.535387 0.087888 0.090433
0 0.781243 0.422674 0.095422 0.085190
0 0.800913 0.325688 0.081192 0.093054
0 0.894661 0.367628 0.081192 0.090433
0 0.878338 0.463958 0.068637 0.081258
0 0.856994 0.580603 0.079518 0.096986
0 0.832302 0.688073 0.077007 0.104849