0 0.437877 0.720183 0.168283 0.095675
0 0.190170 0.466579 0.163565 0.094364
0 0.691874 0.448231 0.119528 0.068152
0 0.738270 0.387942 0.136828 0.055046
0 0.785452 0.337484 0.130537 0.058978
0 0.820052 0.288991 0.130537 0.053735
0 0.486632 0.398427 0.114810 0.062910
0 0.520446 0.346003 0.128965 0.052425
0 0.570773 0.297510 0.116383 0.055046
0 0.617169 0.247706 0.114810 0.057667
0 0.278244 0.361730 0.110092 0.055046
0 0.326999 0.312582 0.122674 0.058978
0 0.374967 0.258847 0.121101 0.051114
0 0.419790 0.214286 0.116383 0.058978