0 0.278129 0.166448 0.199285 0.110092
0 0.511957 0.171691 0.215228 0.094364
0 0.751100 0.172346 0.225857 0.095675
0 0.748443 0.284404 0.225857 0.099607
0 0.292743 0.288991 0.196628 0.093054
0 0.298057 0.403670 0.186000 0.089122
0 0.533214 0.401048 0.193971 0.083879
0 0.764385 0.396461 0.215228 0.085190
0 0.789628 0.612058 0.191314 0.091743
0 0.554471 0.619921 0.204600 0.086501
0 0.320643 0.625164 0.183343 0.076016
0 0.329943 0.739187 0.191314 0.076016
0 0.340572 0.855177 0.191314 0.093054
0 0.569086 0.854522 0.191314 0.094364
0 0.805571 0.846658 0.207257 0.083879
0 0.792285 0.730668 0.212571 0.082569