0 0.416518 0.160550 0.128581 0.069463
0 0.621864 0.155308 0.128581 0.066841
0 0.814735 0.155308 0.130500 0.066841
0 0.782110 0.231979 0.130500 0.065531
0 0.754283 0.308650 0.128581 0.064220
0 0.732213 0.382045 0.130500 0.061599
0 0.527827 0.361075 0.132419 0.082569
0 0.321522 0.370249 0.130500 0.048493
0 0.354147 0.303408 0.115147 0.051114
0 0.386772 0.230668 0.118985 0.057667
0 0.452022 0.519659 0.115147 0.056356
0 0.639136 0.597641 0.109390 0.062910
0 0.498081 0.593709 0.115147 0.062910
0 0.357026 0.588467 0.105551 0.062910
0 0.211173 0.584535 0.101713 0.060288
0 0.609390 0.680210 0.118985 0.068152
0 0.460658 0.672346 0.113228 0.062910
0 0.315765 0.669725 0.103632 0.060288
0 0.175669 0.662516 0.092118 0.072084
0 0.567169 0.762779 0.122823 0.076016
0 0.416518 0.759502 0.113228 0.066841
0 0.279302 0.750328 0.103632 0.069463
0 0.144004 0.749017 0.113228 0.066841