0 0.700860 0.596330 0.138446 0.065531
0 0.518157 0.596330 0.140715 0.057667
0 0.321836 0.595675 0.142985 0.051114
0 0.137998 0.595020 0.138446 0.055046
0 0.174312 0.530144 0.138446 0.045872
0 0.352476 0.527523 0.145255 0.053735
0 0.535179 0.528178 0.147524 0.049803
0 0.721286 0.522936 0.142985 0.060288
0 0.738308 0.465924 0.149794 0.045872
0 0.537448 0.465269 0.133907 0.049803
0 0.372902 0.467890 0.122559 0.047182
0 0.198143 0.468545 0.131637 0.040629
0 0.329780 0.420052 0.145255 0.032765
0 0.662277 0.425295 0.165681 0.040629
0 0.771218 0.332896 0.133907 0.044561
0 0.774622 0.281782 0.108941 0.034076
0 0.792779 0.237877 0.122559 0.035387
0 0.791644 0.194626 0.111211 0.027523
0 0.538583 0.332896 0.122559 0.036697
0 0.552201 0.283748 0.118019 0.038008
0 0.579436 0.235911 0.158872 0.036697
0 0.578301 0.197248 0.124828 0.043250
0 0.374037 0.208388 0.129367 0.047182
0 0.342263 0.249017 0.124828 0.036697
0 0.312758 0.291612 0.120289 0.038008
0 0.300275 0.334862 0.136176 0.038008