0 0.879182 0.332896 0.082164 0.094364
0 0.828656 0.152031 0.084997 0.083879
0 0.736576 0.185452 0.070831 0.077326
0 0.649690 0.234600 0.076498 0.076016
0 0.556193 0.268676 0.102941 0.065531
0 0.601997 0.461337 0.086886 0.091743
0 0.656773 0.642202 0.081220 0.086501
0 0.749798 0.606160 0.085942 0.077326
0 0.833851 0.559633 0.076498 0.081258
0 0.922153 0.511140 0.073664 0.086501
0 0.434835 0.545872 0.090664 0.106160
0 0.379115 0.346003 0.081220 0.102228
0 0.293645 0.398427 0.082164 0.089122
0 0.198732 0.446265 0.098219 0.079948
0 0.103346 0.482307 0.075553 0.076016
0 0.153872 0.682176 0.099164 0.082569
0 0.203926 0.865662 0.099164 0.072084
0 0.296479 0.816514 0.087831 0.076016
0 0.400364 0.787025 0.087831 0.090433
0 0.482528 0.726081 0.089719 0.096986