0 0.714792 0.671691 0.109369 0.069463
0 0.754255 0.574050 0.093584 0.070773
0 0.798792 0.503932 0.087946 0.066841
0 0.691114 0.474443 0.082309 0.055046
0 0.587946 0.474443 0.078926 0.065531
0 0.540591 0.549803 0.081181 0.058978
0 0.488725 0.636959 0.092456 0.070773
0 0.604859 0.646134 0.081181 0.091743
0 0.306067 0.608781 0.067651 0.064220
0 0.224323 0.598952 0.064268 0.057667
0 0.140323 0.579292 0.060886 0.068152
0 0.063088 0.575360 0.064268 0.065531
0 0.374846 0.521625 0.060886 0.060288
0 0.248000 0.497379 0.066523 0.051114
0 0.131866 0.480341 0.066523 0.064220
0 0.427275 0.437090 0.064268 0.045872
0 0.346658 0.420708 0.056376 0.057667
0 0.270551 0.403670 0.059758 0.044561
0 0.195007 0.401048 0.055248 0.044561