0 0.864781 0.445609 0.143487 0.144168
0 0.686938 0.380079 0.119236 0.157274
0 0.534861 0.313893 0.100037 0.116645
0 0.754640 0.159240 0.113173 0.134993
0 0.645003 0.618611 0.118226 0.117955
0 0.491916 0.735256 0.074775 0.107471
0 0.421183 0.555701 0.082859 0.117955
0 0.358534 0.394495 0.066691 0.081258
0 0.280222 0.444299 0.075786 0.070773
0 0.182206 0.505242 0.073765 0.077326
0 0.095810 0.564220 0.074775 0.114024
0 0.285779 0.644823 0.109131 0.086501
0 0.156439 0.716252 0.103068 0.098296
0 0.230203 0.895806 0.082859 0.103539
0 0.321146 0.842071 0.092964 0.098296
0 0.409562 0.787025 0.085890 0.111402